379 420 274 256 396 336 344 223 356 359 285 429 341 376 321 431 415 359 379 443 
401 410 362 322 430 374 443 290 404 384 363 509 340 396 405 454 396 441 385 516 
447 486 503 358 470 408 508 336 479 478 452 614 407 512 504 511 496 501 444 589 
397 397 403 338 504 349 538 380 479 475 407 510 414 509 410 439 446 483 376 601 
430 443 495 421 482 431 539 402 503 490 467 610 427 532 461 577 598 503 521 566 
455 463 455 271 422 373 401 311 433 427 440 498 402 488 422 468 487 429 426 453 
246 351 334 246 363 296 366 234 311 283 383 369 321 414 335 345 367 378 372 413 
441 438 411 395 517 465 425 361 437 450 407 547 444 573 413 544 536 487 438 570 
227 272 338 285 353 304 392 317 301 258 290 430 263 430 334 357 309 412 321 338 
516 484 406 296 418 320 374 305 380 442 346 495 317 406 366 411 416 356 426 438 
344 372 425 398 458 339 474 336 413 416 335 575 329 469 361 516 438 455 478 526 
370 407 492 452 527 478 522 425 494 439 484 606 459 629 493 551 575 560 447 583 
397 416 364 282 345 287 327 311 351 353 290 442 344 426 316 425 357 358 375 386 
327 334 377 293 370 331 409 335 382 307 345 431 343 460 398 388 385 405 369 435 
508 509 451 397 536 352 495 353 501 515 404 570 372 479 398 479 509 519 522 591 
373 419 364 305 391 263 360 224 299 400 288 467 271 315 330 424 378 315 440 437 
439 504 531 426 497 446 531 387 491 489 529 623 430 571 504 505 567 629 456 580 
430 429 450 322 441 359 499 324 411 465 383 561 304 414 447 439 408 433 421 524 
284 286 424 372 450 337 436 343 361 353 315 473 244 441 369 395 431 437 379 450 
344 301 374 319 396 391 476 367 373 362 353 473 282 424 387 410 398 391 351 462 
